0.42133846923078999147 0.25515296817189431211 0.55116724883928458478 0.2000000000000000111
0.099058370384808122622 -0.42670840281411109851 -0.54578644789774533042 0.2000000000000000111
0.47360269173592861591 -0.35255998642136843202 -0.60246590139734157443 0.2000000000000000111
-0.01176419345269509413 -0.1775294713228306176 0.48671317067938418832 0.2000000000000000111
0.62676722812010321473 0.31363271060500619303 -0.43164803759562486718 0.2000000000000000111
0.37173152347674526252 -0.63313940734412144096 0.086182961246747527562 0.2000000000000000111
-0.16791007077288586102 0.61023756461799472106 0.62250997858486267766 0.2000000000000000111
-0.53838290357647489159 -0.61057888875989763111 -0.52762772482546138608 0.2000000000000000111
0.25062013940151667279 -0.043089371537055033701 -0.57610169486835249852 0.2000000000000000111
-0.53699975099996088979 0.52769037225718229411 0.186651349477251427 0.2000000000000000111
0.4158945666124077567 -0.27991411623675993559 0.029018213671791408259 0.2000000000000000111
0.41943023395665574027 0.3186013259274282361 0.20407427074382250565 0.2000000000000000111
-0.23577007045432976651 -0.47447107763453705287 -0.33427384293062140097 0.2000000000000000111
0.06239130094261973597 -0.17770714151032634964 0.1379692958053738705 0.2000000000000000111
-0.48503002408477241536 0.39359331780701645176 0.53744679083254054408 0.2000000000000000111
-0.35532155289220912486 -0.32348577830076363782 0.60182494635290040286 0.2000000000000000111
0.25737459779732385634 -0.40060729202115041847 0.36832030781218350057 0.2000000000000000111
-0.41632863750326598584 0.031807895698636512449 -0.32141659543060968618 0.2000000000000000111
-0.61020182568409064849 -0.027285710534817493589 0.63526801915752117988 0.2000000000000000111
0.34047394163759836516 0.55519383652931031392 -0.53971639002125915141 0.2000000000000000111
0.025101956273863051949 -0.50052068349723144447 -0.042925789925841763284 0.2000000000000000111
0.51628990860141343866 0.61948505489633431953 0.44131973462901685767 0.2000000000000000111
-0.12526811706024532089 -0.48973357544708967515 0.29875159475095203199 0.2000000000000000111
-0.11974767707750196 -0.11973065493851030305 -0.4634937748560834514 0.2000000000000000111
0.34929449652439698015 0.37790131651135122626 -0.20131563126055954105 0.2000000000000000111
-0.56022638881894548657 -0.097360582528812356085 0.011743082271482350662 0.2000000000000000111
-0.26217988411032799867 0.50922603031419955144 -0.07688481059537065343 0.2000000000000000111
0.40439761489050851662 -0.052649833770998070992 0.34266458781537550982 0.2000000000000000111
0.057950186684891033528 0.28890799652469029146 -0.59873158571090467905 0.2000000000000000111
-0.6185651400016591861 0.60615230097328109959 -0.17448823660341761244 0.2000000000000000111
0.079028597738826852903 0.15269891022453926932 0.32860482443796035223 0.2000000000000000111
-0.53987751526702365545 0.14067134898271849153 0.29320829079301446995 0.2000000000000000111
-0.58907631367905621822 0.25539252264576967066 -0.067128460776443160674 0.2000000000000000111
-0.19913548024922583801 -0.18128212912598754003 -0.10867392623900813675 0.2000000000000000111
-0.62541279865477916733 -0.333927208128080244 0.32822918924362776139 0.2000000000000000111
0.15887163524461728192 -0.1938833539137514439 -0.23825291670778220299 0.2000000000000000111
-0.25148816786239219789 0.10986361572823608035 0.54921195409038936486 0.2000000000000000111
0.034464480230531134575 0.54295369611657051667 -0.32335871388895154332 0.2000000000000000111
0.34908407721082124198 -0.50200007592897444297 -0.26492245141380721396 0.2000000000000000111
-0.29913776048460899437 -0.14985143339926337847 0.26719386770070652215 0.2000000000000000111
0.073408666143488579547 0.40454009651873035214 0.043955966987430088178 0.2000000000000000111
-0.20094857139117008882 0.41243044004546319803 0.30289173194490420782 0.2000000000000000111
0.27873057678962886996 0.073786034400395786315 0.0017243744014380961785 0.2000000000000000111
-0.23213703545517805349 0.15039612808617075501 0.045989878154207644578 0.2000000000000000111
0.010648565860314547493 0.162525039132294713 -0.24778494178158180783 0.2000000000000000111
-0.28048354298388500361 0.35443396321165809848 -0.41862864508086572446 0.2000000000000000111
0.4870154931193262926 -0.0029053775629920477325 -0.29112422745916677336 0.2000000000000000111
-0.40443884110631567186 -0.44190789678834369036 0.034003387450175101558 0.2000000000000000111
-0.58149963890319789073 -0.31453536206537302533 -0.29523120696505716909 0.2000000000000000111
0.14897047509119185071 0.52682284792859834788 0.40080979227073088023 0.2000000000000000111
